(kicad_pcb (version 20171130) (host pcbnew "(5.1.9)-1")

  (general
    (thickness 1.25)
    (drawings 12)
    (tracks 292)
    (zones 0)
    (modules 31)
    (nets 86)
  )

  (page A4)
  (layers
    (0 F.Cu signal)
    (31 B.Cu signal)
    (32 B.Adhes user)
    (33 F.Adhes user)
    (34 B.Paste user)
    (35 F.Paste user)
    (36 B.SilkS user)
    (37 F.SilkS user)
    (38 B.Mask user)
    (39 F.Mask user)
    (40 Dwgs.User user)
    (41 Cmts.User user)
    (42 Eco1.User user)
    (43 Eco2.User user)
    (44 Edge.Cuts user)
    (45 Margin user)
    (46 B.CrtYd user)
    (47 F.CrtYd user)
    (48 B.Fab user)
    (49 F.Fab user)
  )

  (setup
    (last_trace_width 0.22)
    (user_trace_width 0.127)
    (user_trace_width 0.22)
    (trace_clearance 0.254)
    (zone_clearance 0.254)
    (zone_45_only yes)
    (trace_min 0.127)
    (via_size 0.8)
    (via_drill 0.4)
    (via_min_size 0.6)
    (via_min_drill 0.3)
    (uvia_size 0.3)
    (uvia_drill 0.1)
    (uvias_allowed no)
    (uvia_min_size 0.2)
    (uvia_min_drill 0.1)
    (edge_width 0.05)
    (segment_width 0.2)
    (pcb_text_width 0.3)
    (pcb_text_size 1.5 1.5)
    (mod_edge_width 0.12)
    (mod_text_size 1 1)
    (mod_text_width 0.15)
    (pad_size 1.524 1.524)
    (pad_drill 0.762)
    (pad_to_mask_clearance 0)
    (aux_axis_origin 0 0)
    (visible_elements 7FFFFFFF)
    (pcbplotparams
      (layerselection 0x010fc_ffffffff)
      (usegerberextensions false)
      (usegerberattributes true)
      (usegerberadvancedattributes true)
      (creategerberjobfile true)
      (excludeedgelayer true)
      (linewidth 0.100000)
      (plotframeref false)
      (viasonmask false)
      (mode 1)
      (useauxorigin false)
      (hpglpennumber 1)
      (hpglpenspeed 20)
      (hpglpendiameter 15.000000)
      (psnegative false)
      (psa4output false)
      (plotreference true)
      (plotvalue true)
      (plotinvisibletext false)
      (padsonsilk false)
      (subtractmaskfromsilk false)
      (outputformat 1)
      (mirror false)
      (drillshape 1)
      (scaleselection 1)
      (outputdirectory ""))
  )

  (net 0 "")
  (net 1 /VCC)
  (net 2 GND)
  (net 3 /WE#)
  (net 4 /OE#)
  (net 5 /3V3)
  (net 6 /CE#)
  (net 7 /RST#)
  (net 8 /WP#)
  (net 9 "Net-(C12-Pad1)")
  (net 10 /RAM_RWB)
  (net 11 /DQ3)
  (net 12 /DQ4)
  (net 13 /DQ5)
  (net 14 /DQ6)
  (net 15 /DQ11)
  (net 16 /DQ12)
  (net 17 /DQ13)
  (net 18 /DQ15)
  (net 19 /A0)
  (net 20 /A1)
  (net 21 /A3)
  (net 22 /A5)
  (net 23 /A7)
  (net 24 /A18)
  (net 25 /A9)
  (net 26 /A11)
  (net 27 /A13)
  (net 28 /A15)
  (net 29 /A20)
  (net 30 /EXT_CART)
  (net 31 /VDD_EXT)
  (net 32 /RAM_CSB)
  (net 33 /SENSE)
  (net 34 /ROM_CSB2)
  (net 35 /DQ2)
  (net 36 /DQ1)
  (net 37 /DQ0)
  (net 38 /DQ7)
  (net 39 /DQ10)
  (net 40 /DQ9)
  (net 41 /DQ8)
  (net 42 /DQ14)
  (net 43 /A16)
  (net 44 /A2)
  (net 45 /A4)
  (net 46 /A6)
  (net 47 /A17)
  (net 48 /A8)
  (net 49 /A10)
  (net 50 /A12)
  (net 51 /A14)
  (net 52 /A19)
  (net 53 /A21)
  (net 54 /ROM0_1)
  (net 55 "Net-(CONN2-Pad15)")
  (net 56 "Net-(CONN2-Pad25)")
  (net 57 "Net-(CONN2-Pad28)")
  (net 58 "Net-(CONN2-Pad40)")
  (net 59 /1OE)
  (net 60 /2OE)
  (net 61 /4OE)
  (net 62 TX+)
  (net 63 TX-)
  (net 64 RX+)
  (net 65 RX-)
  (net 66 "Net-(J1-Pad7)")
  (net 67 LED)
  (net 68 "Net-(J1-Pad12)")
  (net 69 "Net-(J1-Pad11)")
  (net 70 "Net-(SW2-Pad4)")
  (net 71 "Net-(U1-Pad49)")
  (net 72 "Net-(U1-Pad59)")
  (net 73 "Net-(U1-Pad58)")
  (net 74 "Net-(U1-Pad57)")
  (net 75 "Net-(U1-Pad56)")
  (net 76 "Net-(U1-Pad55)")
  (net 77 "Net-(U1-Pad48)")
  (net 78 "Net-(U1-Pad15)")
  (net 79 "Net-(U1-Pad50)")
  (net 80 "Net-(U1-Pad51)")
  (net 81 "Net-(U1-Pad52)")
  (net 82 "Net-(U1-Pad53)")
  (net 83 "Net-(U1-Pad54)")
  (net 84 "Net-(U1-Pad67)")
  (net 85 "Net-(U1-Pad66)")

  (net_class Default "This is the default net class."
    (clearance 0.254)
    (trace_width 0.25)
    (via_dia 0.8)
    (via_drill 0.4)
    (uvia_dia 0.3)
    (uvia_drill 0.1)
    (add_net /1OE)
    (add_net /2OE)
    (add_net /4OE)
    (add_net /A0)
    (add_net /A1)
    (add_net /A10)
    (add_net /A11)
    (add_net /A12)
    (add_net /A13)
    (add_net /A14)
    (add_net /A15)
    (add_net /A16)
    (add_net /A17)
    (add_net /A18)
    (add_net /A19)
    (add_net /A2)
    (add_net /A20)
    (add_net /A21)
    (add_net /A3)
    (add_net /A4)
    (add_net /A5)
    (add_net /A6)
    (add_net /A7)
    (add_net /A8)
    (add_net /A9)
    (add_net /CE#)
    (add_net /DQ0)
    (add_net /DQ1)
    (add_net /DQ10)
    (add_net /DQ11)
    (add_net /DQ12)
    (add_net /DQ13)
    (add_net /DQ14)
    (add_net /DQ15)
    (add_net /DQ2)
    (add_net /DQ3)
    (add_net /DQ4)
    (add_net /DQ5)
    (add_net /DQ6)
    (add_net /DQ7)
    (add_net /DQ8)
    (add_net /DQ9)
    (add_net /EXT_CART)
    (add_net /OE#)
    (add_net /RAM_CSB)
    (add_net /RAM_RWB)
    (add_net /ROM0_1)
    (add_net /ROM_CSB2)
    (add_net /RST#)
    (add_net /SENSE)
    (add_net /VDD_EXT)
    (add_net /WE#)
    (add_net /WP#)
    (add_net GND)
    (add_net LED)
    (add_net "Net-(C12-Pad1)")
    (add_net "Net-(CONN2-Pad15)")
    (add_net "Net-(CONN2-Pad25)")
    (add_net "Net-(CONN2-Pad28)")
    (add_net "Net-(CONN2-Pad40)")
    (add_net "Net-(J1-Pad11)")
    (add_net "Net-(J1-Pad12)")
    (add_net "Net-(J1-Pad7)")
    (add_net "Net-(SW2-Pad4)")
    (add_net "Net-(U1-Pad15)")
    (add_net "Net-(U1-Pad48)")
    (add_net "Net-(U1-Pad49)")
    (add_net "Net-(U1-Pad50)")
    (add_net "Net-(U1-Pad51)")
    (add_net "Net-(U1-Pad52)")
    (add_net "Net-(U1-Pad53)")
    (add_net "Net-(U1-Pad54)")
    (add_net "Net-(U1-Pad55)")
    (add_net "Net-(U1-Pad56)")
    (add_net "Net-(U1-Pad57)")
    (add_net "Net-(U1-Pad58)")
    (add_net "Net-(U1-Pad59)")
    (add_net "Net-(U1-Pad66)")
    (add_net "Net-(U1-Pad67)")
    (add_net RX+)
    (add_net RX-)
    (add_net TX+)
    (add_net TX-)
  )

  (net_class Thin ""
    (clearance 0.254)
    (trace_width 0.127)
    (via_dia 0.8)
    (via_drill 0.4)
    (uvia_dia 0.3)
    (uvia_drill 0.1)
  )

  (net_class VCC ""
    (clearance 0.3)
    (trace_width 0.5)
    (via_dia 0.8)
    (via_drill 0.4)
    (uvia_dia 0.3)
    (uvia_drill 0.1)
    (add_net /3V3)
    (add_net /VCC)
  )

  (module Package_SO:TSOP-I-48_18.4x12mm_P0.5mm (layer F.Cu) (tedit 5A02F25C) (tstamp 5FF2741E)
    (at 152.7429 107.4293 180)
    (descr "TSOP I, 32 pins, 18.4x8mm body (https://www.micron.com/~/media/documents/products/technical-note/nor-flash/tn1225_land_pad_design.pdf)")
    (tags "TSOP I 32")
    (path /5FFD8B7D)
    (attr smd)
    (fp_text reference U3 (at 0 -7) (layer F.SilkS)
      (effects (font (size 1 1) (thickness 0.15)))
    )
    (fp_text value SST39VF6401B (at 0 7) (layer F.Fab)
      (effects (font (size 1 1) (thickness 0.15)))
    )
    (fp_line (start -10.55 6.25) (end -10.55 -6.25) (layer F.CrtYd) (width 0.05))
    (fp_line (start 10.55 6.25) (end -10.55 6.25) (layer F.CrtYd) (width 0.05))
    (fp_line (start 10.55 -6.25) (end 10.55 6.25) (layer F.CrtYd) (width 0.05))
    (fp_line (start -10.55 -6.25) (end 10.55 -6.25) (layer F.CrtYd) (width 0.05))
    (fp_line (start -9.2 6.12) (end 9.2 6.12) (layer F.SilkS) (width 0.12))
    (fp_line (start 9.2 -6.12) (end -10.2 -6.12) (layer F.SilkS) (width 0.1))
    (fp_line (start -8.2 -6) (end -9.2 -5) (layer F.Fab) (width 0.1))
    (fp_line (start 9.2 -6) (end 9.2 6) (layer F.Fab) (width 0.1))
    (fp_line (start 9.2 6) (end -9.2 6) (layer F.Fab) (width 0.1))
    (fp_line (start -9.2 6) (end -9.2 -5) (layer F.Fab) (width 0.1))
    (fp_line (start -8.2 -6) (end 9.2 -6) (layer F.Fab) (width 0.1))
    (fp_text user %R (at 0 0 90) (layer F.Fab)
      (effects (font (size 1 1) (thickness 0.15)))
    )
    (pad 48 smd rect (at 9.75 -5.75 180) (size 1.1 0.25) (layers F.Cu F.Paste F.Mask)
      (net 43 /A16))
    (pad 47 smd rect (at 9.75 -5.25 180) (size 1.1 0.25) (layers F.Cu F.Paste F.Mask))
    (pad 46 smd rect (at 9.75 -4.75 180) (size 1.1 0.25) (layers F.Cu F.Paste F.Mask)
      (net 2 GND))
    (pad 45 smd rect (at 9.75 -4.25 180) (size 1.1 0.25) (layers F.Cu F.Paste F.Mask)
      (net 18 /DQ15))
    (pad 44 smd rect (at 9.75 -3.75 180) (size 1.1 0.25) (layers F.Cu F.Paste F.Mask)
      (net 38 /DQ7))
    (pad 43 smd rect (at 9.75 -3.25 180) (size 1.1 0.25) (layers F.Cu F.Paste F.Mask)
      (net 42 /DQ14))
    (pad 42 smd rect (at 9.75 -2.75 180) (size 1.1 0.25) (layers F.Cu F.Paste F.Mask)
      (net 14 /DQ6))
    (pad 41 smd rect (at 9.75 -2.25 180) (size 1.1 0.25) (layers F.Cu F.Paste F.Mask)
      (net 17 /DQ13))
    (pad 40 smd rect (at 9.75 -1.75 180) (size 1.1 0.25) (layers F.Cu F.Paste F.Mask)
      (net 13 /DQ5))
    (pad 39 smd rect (at 9.75 -1.25 180) (size 1.1 0.25) (layers F.Cu F.Paste F.Mask)
      (net 16 /DQ12))
    (pad 38 smd rect (at 9.75 -0.75 180) (size 1.1 0.25) (layers F.Cu F.Paste F.Mask)
      (net 12 /DQ4))
    (pad 37 smd rect (at 9.75 -0.25 180) (size 1.1 0.25) (layers F.Cu F.Paste F.Mask)
      (net 1 /VCC))
    (pad 36 smd rect (at 9.75 0.25 180) (size 1.1 0.25) (layers F.Cu F.Paste F.Mask)
      (net 15 /DQ11))
    (pad 35 smd rect (at 9.75 0.75 180) (size 1.1 0.25) (layers F.Cu F.Paste F.Mask)
      (net 11 /DQ3))
    (pad 34 smd rect (at 9.75 1.25 180) (size 1.1 0.25) (layers F.Cu F.Paste F.Mask)
      (net 39 /DQ10))
    (pad 33 smd rect (at 9.75 1.75 180) (size 1.1 0.25) (layers F.Cu F.Paste F.Mask)
      (net 35 /DQ2))
    (pad 32 smd rect (at 9.75 2.25 180) (size 1.1 0.25) (layers F.Cu F.Paste F.Mask)
      (net 40 /DQ9))
    (pad 31 smd rect (at 9.75 2.75 180) (size 1.1 0.25) (layers F.Cu F.Paste F.Mask)
      (net 36 /DQ1))
    (pad 30 smd rect (at 9.75 3.25 180) (size 1.1 0.25) (layers F.Cu F.Paste F.Mask)
      (net 41 /DQ8))
    (pad 29 smd rect (at 9.75 3.75 180) (size 1.1 0.25) (layers F.Cu F.Paste F.Mask)
      (net 37 /DQ0))
    (pad 28 smd rect (at 9.75 4.25 180) (size 1.1 0.25) (layers F.Cu F.Paste F.Mask)
      (net 4 /OE#))
    (pad 27 smd rect (at 9.75 4.75 180) (size 1.1 0.25) (layers F.Cu F.Paste F.Mask)
      (net 2 GND))
    (pad 26 smd rect (at 9.75 5.25 180) (size 1.1 0.25) (layers F.Cu F.Paste F.Mask)
      (net 6 /CE#))
    (pad 24 smd rect (at -9.75 5.75 180) (size 1.1 0.25) (layers F.Cu F.Paste F.Mask)
      (net 20 /A1))
    (pad 23 smd rect (at -9.75 5.25 180) (size 1.1 0.25) (layers F.Cu F.Paste F.Mask)
      (net 44 /A2))
    (pad 22 smd rect (at -9.75 4.75 180) (size 1.1 0.25) (layers F.Cu F.Paste F.Mask)
      (net 21 /A3))
    (pad 21 smd rect (at -9.75 4.25 180) (size 1.1 0.25) (layers F.Cu F.Paste F.Mask)
      (net 45 /A4))
    (pad 20 smd rect (at -9.75 3.75 180) (size 1.1 0.25) (layers F.Cu F.Paste F.Mask)
      (net 22 /A5))
    (pad 19 smd rect (at -9.75 3.25 180) (size 1.1 0.25) (layers F.Cu F.Paste F.Mask)
      (net 46 /A6))
    (pad 18 smd rect (at -9.75 2.75 180) (size 1.1 0.25) (layers F.Cu F.Paste F.Mask)
      (net 23 /A7))
    (pad 17 smd rect (at -9.75 2.25 180) (size 1.1 0.25) (layers F.Cu F.Paste F.Mask)
      (net 47 /A17))
    (pad 16 smd rect (at -9.75 1.75 180) (size 1.1 0.25) (layers F.Cu F.Paste F.Mask)
      (net 24 /A18))
    (pad 15 smd rect (at -9.75 1.25 180) (size 1.1 0.25) (layers F.Cu F.Paste F.Mask))
    (pad 14 smd rect (at -9.75 0.75 180) (size 1.1 0.25) (layers F.Cu F.Paste F.Mask)
      (net 8 /WP#))
    (pad 13 smd rect (at -9.75 0.25 180) (size 1.1 0.25) (layers F.Cu F.Paste F.Mask)
      (net 53 /A21))
    (pad 12 smd rect (at -9.75 -0.25 180) (size 1.1 0.25) (layers F.Cu F.Paste F.Mask)
      (net 7 /RST#))
    (pad 11 smd rect (at -9.75 -0.75 180) (size 1.1 0.25) (layers F.Cu F.Paste F.Mask)
      (net 3 /WE#))
    (pad 10 smd rect (at -9.75 -1.25 180) (size 1.1 0.25) (layers F.Cu F.Paste F.Mask)
      (net 29 /A20))
    (pad 9 smd rect (at -9.75 -1.75 180) (size 1.1 0.25) (layers F.Cu F.Paste F.Mask)
      (net 52 /A19))
    (pad 8 smd rect (at -9.75 -2.25 180) (size 1.1 0.25) (layers F.Cu F.Paste F.Mask)
      (net 48 /A8))
    (pad 7 smd rect (at -9.75 -2.75 180) (size 1.1 0.25) (layers F.Cu F.Paste F.Mask)
      (net 25 /A9))
    (pad 6 smd rect (at -9.75 -3.25 180) (size 1.1 0.25) (layers F.Cu F.Paste F.Mask)
      (net 49 /A10))
    (pad 5 smd rect (at -9.75 -3.75 180) (size 1.1 0.25) (layers F.Cu F.Paste F.Mask)
      (net 26 /A11))
    (pad 4 smd rect (at -9.75 -4.25 180) (size 1.1 0.25) (layers F.Cu F.Paste F.Mask)
      (net 50 /A12))
    (pad 3 smd rect (at -9.75 -4.75 180) (size 1.1 0.25) (layers F.Cu F.Paste F.Mask)
      (net 27 /A13))
    (pad 2 smd rect (at -9.75 -5.25 180) (size 1.1 0.25) (layers F.Cu F.Paste F.Mask)
      (net 51 /A14))
    (pad 25 smd rect (at 9.75 5.75 180) (size 1.1 0.25) (layers F.Cu F.Paste F.Mask)
      (net 19 /A0))
    (pad 1 smd rect (at -9.75 -5.75 180) (size 1.1 0.25) (layers F.Cu F.Paste F.Mask)
      (net 28 /A15))
    (model ${KISYS3DMOD}/Package_SO.3dshapes/TSOP-I-48_18.4x12mm_P0.5mm.wrl
      (at (xyz 0 0 0))
      (scale (xyz 1 1 1))
      (rotate (xyz 0 0 0))
    )
  )

  (module Resistor_SMD:R_0805_2012Metric_Pad1.20x1.40mm_HandSolder (layer F.Cu) (tedit 5F68FEEE) (tstamp 5FF164F5)
    (at 168.402 105.426 270)
    (descr "Resistor SMD 0805 (2012 Metric), square (rectangular) end terminal, IPC_7351 nominal with elongated pad for handsoldering. (Body size source: IPC-SM-782 page 72, https://www.pcb-3d.com/wordpress/wp-content/uploads/ipc-sm-782a_amendment_1_and_2.pdf), generated with kicad-footprint-generator")
    (tags "resistor handsolder")
    (path /60AD8C07)
    (attr smd)
    (fp_text reference R8 (at 0 -1.65 90) (layer F.SilkS)
      (effects (font (size 1 1) (thickness 0.15)))
    )
    (fp_text value 10k (at 0 1.65 90) (layer F.Fab)
      (effects (font (size 1 1) (thickness 0.15)))
    )
    (fp_line (start -1 0.625) (end -1 -0.625) (layer F.Fab) (width 0.1))
    (fp_line (start -1 -0.625) (end 1 -0.625) (layer F.Fab) (width 0.1))
    (fp_line (start 1 -0.625) (end 1 0.625) (layer F.Fab) (width 0.1))
    (fp_line (start 1 0.625) (end -1 0.625) (layer F.Fab) (width 0.1))
    (fp_line (start -0.227064 -0.735) (end 0.227064 -0.735) (layer F.SilkS) (width 0.12))
    (fp_line (start -0.227064 0.735) (end 0.227064 0.735) (layer F.SilkS) (width 0.12))
    (fp_line (start -1.85 0.95) (end -1.85 -0.95) (layer F.CrtYd) (width 0.05))
    (fp_line (start -1.85 -0.95) (end 1.85 -0.95) (layer F.CrtYd) (width 0.05))
    (fp_line (start 1.85 -0.95) (end 1.85 0.95) (layer F.CrtYd) (width 0.05))
    (fp_line (start 1.85 0.95) (end -1.85 0.95) (layer F.CrtYd) (width 0.05))
    (fp_text user %R (at 0 0 90) (layer F.Fab)
      (effects (font (size 0.5 0.5) (thickness 0.08)))
    )
    (pad 2 smd roundrect (at 1 0 270) (size 1.2 1.4) (layers F.Cu F.Paste F.Mask) (roundrect_rratio 0.208333)
      (net 7 /RST#))
    (pad 1 smd roundrect (at -1 0 270) (size 1.2 1.4) (layers F.Cu F.Paste F.Mask) (roundrect_rratio 0.208333)
      (net 1 /VCC))
    (model ${KISYS3DMOD}/Resistor_SMD.3dshapes/R_0805_2012Metric.wrl
      (at (xyz 0 0 0))
      (scale (xyz 1 1 1))
      (rotate (xyz 0 0 0))
    )
  )

  (module Resistor_SMD:R_0805_2012Metric_Pad1.20x1.40mm_HandSolder (layer F.Cu) (tedit 5F68FEEE) (tstamp 5FF82194)
    (at 170.18 105.426 270)
    (descr "Resistor SMD 0805 (2012 Metric), square (rectangular) end terminal, IPC_7351 nominal with elongated pad for handsoldering. (Body size source: IPC-SM-782 page 72, https://www.pcb-3d.com/wordpress/wp-content/uploads/ipc-sm-782a_amendment_1_and_2.pdf), generated with kicad-footprint-generator")
    (tags "resistor handsolder")
    (path /60A4CCAA)
    (attr smd)
    (fp_text reference R5 (at 0 -1.65 90) (layer F.SilkS)
      (effects (font (size 1 1) (thickness 0.15)))
    )
    (fp_text value 10k (at 0 1.65 90) (layer F.Fab)
      (effects (font (size 1 1) (thickness 0.15)))
    )
    (fp_line (start 1.85 0.95) (end -1.85 0.95) (layer F.CrtYd) (width 0.05))
    (fp_line (start 1.85 -0.95) (end 1.85 0.95) (layer F.CrtYd) (width 0.05))
    (fp_line (start -1.85 -0.95) (end 1.85 -0.95) (layer F.CrtYd) (width 0.05))
    (fp_line (start -1.85 0.95) (end -1.85 -0.95) (layer F.CrtYd) (width 0.05))
    (fp_line (start -0.227064 0.735) (end 0.227064 0.735) (layer F.SilkS) (width 0.12))
    (fp_line (start -0.227064 -0.735) (end 0.227064 -0.735) (layer F.SilkS) (width 0.12))
    (fp_line (start 1 0.625) (end -1 0.625) (layer F.Fab) (width 0.1))
    (fp_line (start 1 -0.625) (end 1 0.625) (layer F.Fab) (width 0.1))
    (fp_line (start -1 -0.625) (end 1 -0.625) (layer F.Fab) (width 0.1))
    (fp_line (start -1 0.625) (end -1 -0.625) (layer F.Fab) (width 0.1))
    (fp_text user %R (at 0 0 90) (layer F.Fab)
      (effects (font (size 0.5 0.5) (thickness 0.08)))
    )
    (pad 1 smd roundrect (at -1 0 270) (size 1.2 1.4) (layers F.Cu F.Paste F.Mask) (roundrect_rratio 0.208333)
      (net 1 /VCC))
    (pad 2 smd roundrect (at 1 0 270) (size 1.2 1.4) (layers F.Cu F.Paste F.Mask) (roundrect_rratio 0.208333)
      (net 3 /WE#))
    (model ${KISYS3DMOD}/Resistor_SMD.3dshapes/R_0805_2012Metric.wrl
      (at (xyz 0 0 0))
      (scale (xyz 1 1 1))
      (rotate (xyz 0 0 0))
    )
  )

  (module Capacitor_SMD:C_0805_2012Metric_Pad1.18x1.45mm_HandSolder (layer F.Cu) (tedit 5F68FEEF) (tstamp 5FF16999)
    (at 166.6455 109.728 180)
    (descr "Capacitor SMD 0805 (2012 Metric), square (rectangular) end terminal, IPC_7351 nominal with elongated pad for handsoldering. (Body size source: IPC-SM-782 page 76, https://www.pcb-3d.com/wordpress/wp-content/uploads/ipc-sm-782a_amendment_1_and_2.pdf, https://docs.google.com/spreadsheets/d/1BsfQQcO9C6DZCsRaXUlFlo91Tg2WpOkGARC1WS5S8t0/edit?usp=sharing), generated with kicad-footprint-generator")
    (tags "capacitor handsolder")
    (path /612096E8)
    (attr smd)
    (fp_text reference C2 (at 0 -1.68) (layer F.SilkS)
      (effects (font (size 1 1) (thickness 0.15)))
    )
    (fp_text value 0.1uF (at 0 1.68) (layer F.Fab)
      (effects (font (size 1 1) (thickness 0.15)))
    )
    (fp_line (start -1 0.625) (end -1 -0.625) (layer F.Fab) (width 0.1))
    (fp_line (start -1 -0.625) (end 1 -0.625) (layer F.Fab) (width 0.1))
    (fp_line (start 1 -0.625) (end 1 0.625) (layer F.Fab) (width 0.1))
    (fp_line (start 1 0.625) (end -1 0.625) (layer F.Fab) (width 0.1))
    (fp_line (start -0.261252 -0.735) (end 0.261252 -0.735) (layer F.SilkS) (width 0.12))
    (fp_line (start -0.261252 0.735) (end 0.261252 0.735) (layer F.SilkS) (width 0.12))
    (fp_line (start -1.88 0.98) (end -1.88 -0.98) (layer F.CrtYd) (width 0.05))
    (fp_line (start -1.88 -0.98) (end 1.88 -0.98) (layer F.CrtYd) (width 0.05))
    (fp_line (start 1.88 -0.98) (end 1.88 0.98) (layer F.CrtYd) (width 0.05))
    (fp_line (start 1.88 0.98) (end -1.88 0.98) (layer F.CrtYd) (width 0.05))
    (fp_text user %R (at 0 0) (layer F.Fab)
      (effects (font (size 0.5 0.5) (thickness 0.08)))
    )
    (pad 2 smd roundrect (at 1.0375 0 180) (size 1.175 1.45) (layers F.Cu F.Paste F.Mask) (roundrect_rratio 0.212766)
      (net 3 /WE#))
    (pad 1 smd roundrect (at -1.0375 0 180) (size 1.175 1.45) (layers F.Cu F.Paste F.Mask) (roundrect_rratio 0.212766)
      (net 2 GND))
    (model ${KISYS3DMOD}/Capacitor_SMD.3dshapes/C_0805_2012Metric.wrl
      (at (xyz 0 0 0))
      (scale (xyz 1 1 1))
      (rotate (xyz 0 0 0))
    )
  )

  (module Capacitor_SMD:C_0805_2012Metric_Pad1.18x1.45mm_HandSolder (layer F.Cu) (tedit 5F68FEEF) (tstamp 5FF169F9)
    (at 165.6295 107.442 180)
    (descr "Capacitor SMD 0805 (2012 Metric), square (rectangular) end terminal, IPC_7351 nominal with elongated pad for handsoldering. (Body size source: IPC-SM-782 page 76, https://www.pcb-3d.com/wordpress/wp-content/uploads/ipc-sm-782a_amendment_1_and_2.pdf, https://docs.google.com/spreadsheets/d/1BsfQQcO9C6DZCsRaXUlFlo91Tg2WpOkGARC1WS5S8t0/edit?usp=sharing), generated with kicad-footprint-generator")
    (tags "capacitor handsolder")
    (path /6120A9E9)
    (attr smd)
    (fp_text reference C10 (at 0 -1.68) (layer F.SilkS)
      (effects (font (size 1 1) (thickness 0.15)))
    )
    (fp_text value 0.1uF (at 0 1.68) (layer F.Fab)
      (effects (font (size 1 1) (thickness 0.15)))
    )
    (fp_line (start 1.88 0.98) (end -1.88 0.98) (layer F.CrtYd) (width 0.05))
    (fp_line (start 1.88 -0.98) (end 1.88 0.98) (layer F.CrtYd) (width 0.05))
    (fp_line (start -1.88 -0.98) (end 1.88 -0.98) (layer F.CrtYd) (width 0.05))
    (fp_line (start -1.88 0.98) (end -1.88 -0.98) (layer F.CrtYd) (width 0.05))
    (fp_line (start -0.261252 0.735) (end 0.261252 0.735) (layer F.SilkS) (width 0.12))
    (fp_line (start -0.261252 -0.735) (end 0.261252 -0.735) (layer F.SilkS) (width 0.12))
    (fp_line (start 1 0.625) (end -1 0.625) (layer F.Fab) (width 0.1))
    (fp_line (start 1 -0.625) (end 1 0.625) (layer F.Fab) (width 0.1))
    (fp_line (start -1 -0.625) (end 1 -0.625) (layer F.Fab) (width 0.1))
    (fp_line (start -1 0.625) (end -1 -0.625) (layer F.Fab) (width 0.1))
    (fp_text user %R (at 0 0) (layer F.Fab)
      (effects (font (size 0.5 0.5) (thickness 0.08)))
    )
    (pad 1 smd roundrect (at -1.0375 0 180) (size 1.175 1.45) (layers F.Cu F.Paste F.Mask) (roundrect_rratio 0.212766)
      (net 2 GND))
    (pad 2 smd roundrect (at 1.0375 0 180) (size 1.175 1.45) (layers F.Cu F.Paste F.Mask) (roundrect_rratio 0.212766)
      (net 7 /RST#))
    (model ${KISYS3DMOD}/Capacitor_SMD.3dshapes/C_0805_2012Metric.wrl
      (at (xyz 0 0 0))
      (scale (xyz 1 1 1))
      (rotate (xyz 0 0 0))
    )
  )

  (module VSmile:5530843-5 (layer B.Cu) (tedit 5FF27A26) (tstamp 5FF224AB)
    (at 150.5585 53.9115)
    (path /5FF243EE)
    (fp_text reference CONN2 (at 0 -5.588) (layer B.SilkS)
      (effects (font (size 1 1) (thickness 0.15)) (justify mirror))
    )
    (fp_text value 5530843-5 (at 0 -7.62) (layer B.Fab)
      (effects (font (size 1 1) (thickness 0.15)) (justify mirror))
    )
    (fp_line (start -35.052 -4.6736) (end 35.052 -4.6736) (layer B.SilkS) (width 0.12))
    (fp_line (start 35.052 -4.6736) (end 35.052 4.6736) (layer B.SilkS) (width 0.12))
    (fp_line (start 35.052 4.6736) (end -35.052 4.6736) (layer B.SilkS) (width 0.12))
    (fp_line (start -35.052 4.6736) (end -35.052 -4.6736) (layer B.SilkS) (width 0.12))
    (pad 50 thru_hole circle (at 30.48 2.3114) (size 1.6002 1.6002) (drill 1.0922) (layers *.Cu *.Mask)
      (net 54 /ROM0_1))
    (pad 49 thru_hole circle (at 27.94 2.3114) (size 1.6002 1.6002) (drill 1.0922) (layers *.Cu *.Mask)
      (net 53 /A21))
    (pad 48 thru_hole circle (at 25.4 2.3114) (size 1.6002 1.6002) (drill 1.0922) (layers *.Cu *.Mask)
      (net 52 /A19))
    (pad 47 thru_hole circle (at 22.86 2.3114) (size 1.6002 1.6002) (drill 1.0922) (layers *.Cu *.Mask)
      (net 51 /A14))
    (pad 46 thru_hole circle (at 20.32 2.3114) (size 1.6002 1.6002) (drill 1.0922) (layers *.Cu *.Mask)
      (net 50 /A12))
    (pad 45 thru_hole circle (at 17.78 2.3114) (size 1.6002 1.6002) (drill 1.0922) (layers *.Cu *.Mask)
      (net 49 /A10))
    (pad 44 thru_hole circle (at 15.24 2.3114) (size 1.6002 1.6002) (drill 1.0922) (layers *.Cu *.Mask)
      (net 48 /A8))
    (pad 43 thru_hole circle (at 12.7 2.3114) (size 1.6002 1.6002) (drill 1.0922) (layers *.Cu *.Mask)
      (net 47 /A17))
    (pad 42 thru_hole circle (at 10.16 2.3114) (size 1.6002 1.6002) (drill 1.0922) (layers *.Cu *.Mask)
      (net 46 /A6))
    (pad 41 thru_hole circle (at 7.62 2.3114) (size 1.6002 1.6002) (drill 1.0922) (layers *.Cu *.Mask)
      (net 45 /A4))
    (pad 40 thru_hole circle (at 5.08 2.3114) (size 1.6002 1.6002) (drill 1.0922) (layers *.Cu *.Mask)
      (net 58 "Net-(CONN2-Pad40)"))
    (pad 39 thru_hole circle (at 2.54 2.3114) (size 1.6002 1.6002) (drill 1.0922) (layers *.Cu *.Mask)
      (net 44 /A2))
    (pad 38 thru_hole circle (at 0 2.3114) (size 1.6002 1.6002) (drill 1.0922) (layers *.Cu *.Mask)
      (net 43 /A16))
    (pad 37 thru_hole circle (at -2.54 2.3114) (size 1.6002 1.6002) (drill 1.0922) (layers *.Cu *.Mask)
      (net 42 /DQ14))
    (pad 36 thru_hole circle (at -5.08 2.3114) (size 1.6002 1.6002) (drill 1.0922) (layers *.Cu *.Mask)
      (net 41 /DQ8))
    (pad 35 thru_hole circle (at -7.62 2.3114) (size 1.6002 1.6002) (drill 1.0922) (layers *.Cu *.Mask)
      (net 40 /DQ9))
    (pad 34 thru_hole circle (at -10.16 2.3114) (size 1.6002 1.6002) (drill 1.0922) (layers *.Cu *.Mask)
      (net 39 /DQ10))
    (pad 33 thru_hole circle (at -12.7 2.3114) (size 1.6002 1.6002) (drill 1.0922) (layers *.Cu *.Mask)
      (net 38 /DQ7))
    (pad 32 thru_hole circle (at -15.24 2.3114) (size 1.6002 1.6002) (drill 1.0922) (layers *.Cu *.Mask)
      (net 37 /DQ0))
    (pad 31 thru_hole circle (at -17.78 2.3114) (size 1.6002 1.6002) (drill 1.0922) (layers *.Cu *.Mask)
      (net 36 /DQ1))
    (pad 30 thru_hole circle (at -20.32 2.3114) (size 1.6002 1.6002) (drill 1.0922) (layers *.Cu *.Mask)
      (net 35 /DQ2))
    (pad 29 thru_hole circle (at -22.86 2.3114) (size 1.6002 1.6002) (drill 1.0922) (layers *.Cu *.Mask)
      (net 34 /ROM_CSB2))
    (pad 28 thru_hole circle (at -25.4 2.3114) (size 1.6002 1.6002) (drill 1.0922) (layers *.Cu *.Mask)
      (net 57 "Net-(CONN2-Pad28)"))
    (pad 27 thru_hole circle (at -27.94 2.3114) (size 1.6002 1.6002) (drill 1.0922) (layers *.Cu *.Mask)
      (net 32 /RAM_CSB))
    (pad 26 thru_hole circle (at -30.48 2.3114) (size 1.6002 1.6002) (drill 1.0922) (layers *.Cu *.Mask)
      (net 5 /3V3))
    (pad 25 thru_hole circle (at 30.48 -2.54) (size 1.6002 1.6002) (drill 1.0922) (layers *.Cu *.Mask)
      (net 56 "Net-(CONN2-Pad25)"))
    (pad 24 thru_hole circle (at 27.94 -2.54) (size 1.6002 1.6002) (drill 1.0922) (layers *.Cu *.Mask)
      (net 2 GND))
    (pad 23 thru_hole circle (at 25.4 -2.54) (size 1.6002 1.6002) (drill 1.0922) (layers *.Cu *.Mask)
      (net 29 /A20))
    (pad 22 thru_hole circle (at 22.86 -2.54) (size 1.6002 1.6002) (drill 1.0922) (layers *.Cu *.Mask)
      (net 28 /A15))
    (pad 21 thru_hole circle (at 20.32 -2.54) (size 1.6002 1.6002) (drill 1.0922) (layers *.Cu *.Mask)
      (net 27 /A13))
    (pad 20 thru_hole circle (at 17.78 -2.54) (size 1.6002 1.6002) (drill 1.0922) (layers *.Cu *.Mask)
      (net 26 /A11))
    (pad 19 thru_hole circle (at 15.24 -2.54) (size 1.6002 1.6002) (drill 1.0922) (layers *.Cu *.Mask)
      (net 25 /A9))
    (pad 18 thru_hole circle (at 12.7 -2.54) (size 1.6002 1.6002) (drill 1.0922) (layers *.Cu *.Mask)
      (net 24 /A18))
    (pad 17 thru_hole circle (at 10.16 -2.54) (size 1.6002 1.6002) (drill 1.0922) (layers *.Cu *.Mask)
      (net 23 /A7))
    (pad 16 thru_hole circle (at 7.62 -2.54) (size 1.6002 1.6002) (drill 1.0922) (layers *.Cu *.Mask)
      (net 22 /A5))
    (pad 15 thru_hole circle (at 5.08 -2.54) (size 1.6002 1.6002) (drill 1.0922) (layers *.Cu *.Mask)
      (net 55 "Net-(CONN2-Pad15)"))
    (pad 14 thru_hole circle (at 2.54 -2.54) (size 1.6002 1.6002) (drill 1.0922) (layers *.Cu *.Mask)
      (net 21 /A3))
    (pad 13 thru_hole circle (at 0 -2.54) (size 1.6002 1.6002) (drill 1.0922) (layers *.Cu *.Mask)
      (net 20 /A1))
    (pad 12 thru_hole circle (at -2.54 -2.54) (size 1.6002 1.6002) (drill 1.0922) (layers *.Cu *.Mask)
      (net 19 /A0))
    (pad 11 thru_hole circle (at -5.08 -2.54) (size 1.6002 1.6002) (drill 1.0922) (layers *.Cu *.Mask)
      (net 18 /DQ15))
    (pad 10 thru_hole circle (at -7.62 -2.54) (size 1.6002 1.6002) (drill 1.0922) (layers *.Cu *.Mask)
      (net 17 /DQ13))
    (pad 9 thru_hole circle (at -10.16 -2.54) (size 1.6002 1.6002) (drill 1.0922) (layers *.Cu *.Mask)
      (net 16 /DQ12))
    (pad 8 thru_hole circle (at -12.7 -2.54) (size 1.6002 1.6002) (drill 1.0922) (layers *.Cu *.Mask)
      (net 15 /DQ11))
    (pad 7 thru_hole circle (at -15.24 -2.54) (size 1.6002 1.6002) (drill 1.0922) (layers *.Cu *.Mask)
      (net 14 /DQ6))
    (pad 6 thru_hole circle (at -17.78 -2.54) (size 1.6002 1.6002) (drill 1.0922) (layers *.Cu *.Mask)
      (net 13 /DQ5))
    (pad 5 thru_hole circle (at -20.32 -2.54) (size 1.6002 1.6002) (drill 1.0922) (layers *.Cu *.Mask)
      (net 12 /DQ4))
    (pad 4 thru_hole circle (at -22.86 -2.54) (size 1.6002 1.6002) (drill 1.0922) (layers *.Cu *.Mask)
      (net 11 /DQ3))
    (pad 3 thru_hole circle (at -25.4 -2.54) (size 1.6002 1.6002) (drill 1.0922) (layers *.Cu *.Mask)
      (net 2 GND))
    (pad 2 thru_hole circle (at -27.94 -2.54) (size 1.6002 1.6002) (drill 1.0922) (layers *.Cu *.Mask)
      (net 2 GND))
    (pad 1 thru_hole rect (at -30.48 -2.54) (size 1.524 1.524) (drill 1.0922) (layers *.Cu *.Mask)
      (net 10 /RAM_RWB))
    (model :V-Smile:5530843-5.wrl
      (offset (xyz 0 0 15.621))
      (scale (xyz 0.393701 0.393701 0.393701))
      (rotate (xyz 0 0 0))
    )
  )

  (module Capacitor_SMD:C_0805_2012Metric_Pad1.18x1.45mm_HandSolder (layer F.Cu) (tedit 5F68FEEF) (tstamp 5FF168D9)
    (at 139.0269 108.9318 270)
    (descr "Capacitor SMD 0805 (2012 Metric), square (rectangular) end terminal, IPC_7351 nominal with elongated pad for handsoldering. (Body size source: IPC-SM-782 page 76, https://www.pcb-3d.com/wordpress/wp-content/uploads/ipc-sm-782a_amendment_1_and_2.pdf, https://docs.google.com/spreadsheets/d/1BsfQQcO9C6DZCsRaXUlFlo91Tg2WpOkGARC1WS5S8t0/edit?usp=sharing), generated with kicad-footprint-generator")
    (tags "capacitor handsolder")
    (path /6114E09A)
    (attr smd)
    (fp_text reference C1 (at 0 -1.68 90) (layer F.SilkS)
      (effects (font (size 1 1) (thickness 0.15)))
    )
    (fp_text value 1uF (at 0 1.68 90) (layer F.Fab)
      (effects (font (size 1 1) (thickness 0.15)))
    )
    (fp_line (start 1.88 0.98) (end -1.88 0.98) (layer F.CrtYd) (width 0.05))
    (fp_line (start 1.88 -0.98) (end 1.88 0.98) (layer F.CrtYd) (width 0.05))
    (fp_line (start -1.88 -0.98) (end 1.88 -0.98) (layer F.CrtYd) (width 0.05))
    (fp_line (start -1.88 0.98) (end -1.88 -0.98) (layer F.CrtYd) (width 0.05))
    (fp_line (start -0.261252 0.735) (end 0.261252 0.735) (layer F.SilkS) (width 0.12))
    (fp_line (start -0.261252 -0.735) (end 0.261252 -0.735) (layer F.SilkS) (width 0.12))
    (fp_line (start 1 0.625) (end -1 0.625) (layer F.Fab) (width 0.1))
    (fp_line (start 1 -0.625) (end 1 0.625) (layer F.Fab) (width 0.1))
    (fp_line (start -1 -0.625) (end 1 -0.625) (layer F.Fab) (width 0.1))
    (fp_line (start -1 0.625) (end -1 -0.625) (layer F.Fab) (width 0.1))
    (fp_text user %R (at 0 0 90) (layer F.Fab)
      (effects (font (size 0.5 0.5) (thickness 0.08)))
    )
    (pad 1 smd roundrect (at -1.0375 0 270) (size 1.175 1.45) (layers F.Cu F.Paste F.Mask) (roundrect_rratio 0.212766)
      (net 1 /VCC))
    (pad 2 smd roundrect (at 1.0375 0 270) (size 1.175 1.45) (layers F.Cu F.Paste F.Mask) (roundrect_rratio 0.212766)
      (net 2 GND))
    (model ${KISYS3DMOD}/Capacitor_SMD.3dshapes/C_0805_2012Metric.wrl
      (at (xyz 0 0 0))
      (scale (xyz 1 1 1))
      (rotate (xyz 0 0 0))
    )
  )

  (module Capacitor_SMD:C_0805_2012Metric_Pad1.18x1.45mm_HandSolder (layer F.Cu) (tedit 5F68FEEF) (tstamp 5FF16AB9)
    (at 141.0589 108.9318 270)
    (descr "Capacitor SMD 0805 (2012 Metric), square (rectangular) end terminal, IPC_7351 nominal with elongated pad for handsoldering. (Body size source: IPC-SM-782 page 76, https://www.pcb-3d.com/wordpress/wp-content/uploads/ipc-sm-782a_amendment_1_and_2.pdf, https://docs.google.com/spreadsheets/d/1BsfQQcO9C6DZCsRaXUlFlo91Tg2WpOkGARC1WS5S8t0/edit?usp=sharing), generated with kicad-footprint-generator")
    (tags "capacitor handsolder")
    (path /6114D7D7)
    (attr smd)
    (fp_text reference C3 (at 0 -1.68 90) (layer F.SilkS)
      (effects (font (size 1 1) (thickness 0.15)))
    )
    (fp_text value 0.1uF (at 0 1.68 90) (layer F.Fab)
      (effects (font (size 1 1) (thickness 0.15)))
    )
    (fp_line (start 1.88 0.98) (end -1.88 0.98) (layer F.CrtYd) (width 0.05))
    (fp_line (start 1.88 -0.98) (end 1.88 0.98) (layer F.CrtYd) (width 0.05))
    (fp_line (start -1.88 -0.98) (end 1.88 -0.98) (layer F.CrtYd) (width 0.05))
    (fp_line (start -1.88 0.98) (end -1.88 -0.98) (layer F.CrtYd) (width 0.05))
    (fp_line (start -0.261252 0.735) (end 0.261252 0.735) (layer F.SilkS) (width 0.12))
    (fp_line (start -0.261252 -0.735) (end 0.261252 -0.735) (layer F.SilkS) (width 0.12))
    (fp_line (start 1 0.625) (end -1 0.625) (layer F.Fab) (width 0.1))
    (fp_line (start 1 -0.625) (end 1 0.625) (layer F.Fab) (width 0.1))
    (fp_line (start -1 -0.625) (end 1 -0.625) (layer F.Fab) (width 0.1))
    (fp_line (start -1 0.625) (end -1 -0.625) (layer F.Fab) (width 0.1))
    (fp_text user %R (at 0 0 90) (layer F.Fab)
      (effects (font (size 0.5 0.5) (thickness 0.08)))
    )
    (pad 1 smd roundrect (at -1.0375 0 270) (size 1.175 1.45) (layers F.Cu F.Paste F.Mask) (roundrect_rratio 0.212766)
      (net 1 /VCC))
    (pad 2 smd roundrect (at 1.0375 0 270) (size 1.175 1.45) (layers F.Cu F.Paste F.Mask) (roundrect_rratio 0.212766)
      (net 2 GND))
    (model ${KISYS3DMOD}/Capacitor_SMD.3dshapes/C_0805_2012Metric.wrl
      (at (xyz 0 0 0))
      (scale (xyz 1 1 1))
      (rotate (xyz 0 0 0))
    )
  )

  (module Capacitor_SMD:C_0805_2012Metric_Pad1.18x1.45mm_HandSolder (layer F.Cu) (tedit 5F68FEEF) (tstamp 5FF16A89)
    (at 130.3909 102.8358 90)
    (descr "Capacitor SMD 0805 (2012 Metric), square (rectangular) end terminal, IPC_7351 nominal with elongated pad for handsoldering. (Body size source: IPC-SM-782 page 76, https://www.pcb-3d.com/wordpress/wp-content/uploads/ipc-sm-782a_amendment_1_and_2.pdf, https://docs.google.com/spreadsheets/d/1BsfQQcO9C6DZCsRaXUlFlo91Tg2WpOkGARC1WS5S8t0/edit?usp=sharing), generated with kicad-footprint-generator")
    (tags "capacitor handsolder")
    (path /6114EB05)
    (attr smd)
    (fp_text reference C4 (at 0 -1.68 90) (layer F.SilkS)
      (effects (font (size 1 1) (thickness 0.15)))
    )
    (fp_text value 0.1uF (at 0 1.68 90) (layer F.Fab)
      (effects (font (size 1 1) (thickness 0.15)))
    )
    (fp_line (start -1 0.625) (end -1 -0.625) (layer F.Fab) (width 0.1))
    (fp_line (start -1 -0.625) (end 1 -0.625) (layer F.Fab) (width 0.1))
    (fp_line (start 1 -0.625) (end 1 0.625) (layer F.Fab) (width 0.1))
    (fp_line (start 1 0.625) (end -1 0.625) (layer F.Fab) (width 0.1))
    (fp_line (start -0.261252 -0.735) (end 0.261252 -0.735) (layer F.SilkS) (width 0.12))
    (fp_line (start -0.261252 0.735) (end 0.261252 0.735) (layer F.SilkS) (width 0.12))
    (fp_line (start -1.88 0.98) (end -1.88 -0.98) (layer F.CrtYd) (width 0.05))
    (fp_line (start -1.88 -0.98) (end 1.88 -0.98) (layer F.CrtYd) (width 0.05))
    (fp_line (start 1.88 -0.98) (end 1.88 0.98) (layer F.CrtYd) (width 0.05))
    (fp_line (start 1.88 0.98) (end -1.88 0.98) (layer F.CrtYd) (width 0.05))
    (fp_text user %R (at 0 0 90) (layer F.Fab)
      (effects (font (size 0.5 0.5) (thickness 0.08)))
    )
    (pad 2 smd roundrect (at 1.0375 0 90) (size 1.175 1.45) (layers F.Cu F.Paste F.Mask) (roundrect_rratio 0.212766)
      (net 2 GND))
    (pad 1 smd roundrect (at -1.0375 0 90) (size 1.175 1.45) (layers F.Cu F.Paste F.Mask) (roundrect_rratio 0.212766)
      (net 1 /VCC))
    (model ${KISYS3DMOD}/Capacitor_SMD.3dshapes/C_0805_2012Metric.wrl
      (at (xyz 0 0 0))
      (scale (xyz 1 1 1))
      (rotate (xyz 0 0 0))
    )
  )

  (module Capacitor_SMD:C_0805_2012Metric_Pad1.18x1.45mm_HandSolder (layer F.Cu) (tedit 5F68FEEF) (tstamp 5FF16A59)
    (at 141.0589 104.8678 90)
    (descr "Capacitor SMD 0805 (2012 Metric), square (rectangular) end terminal, IPC_7351 nominal with elongated pad for handsoldering. (Body size source: IPC-SM-782 page 76, https://www.pcb-3d.com/wordpress/wp-content/uploads/ipc-sm-782a_amendment_1_and_2.pdf, https://docs.google.com/spreadsheets/d/1BsfQQcO9C6DZCsRaXUlFlo91Tg2WpOkGARC1WS5S8t0/edit?usp=sharing), generated with kicad-footprint-generator")
    (tags "capacitor handsolder")
    (path /61209B5C)
    (attr smd)
    (fp_text reference C5 (at 0 -1.68 90) (layer F.SilkS)
      (effects (font (size 1 1) (thickness 0.15)))
    )
    (fp_text value 0.1uF (at 0 1.68 90) (layer F.Fab)
      (effects (font (size 1 1) (thickness 0.15)))
    )
    (fp_line (start 1.88 0.98) (end -1.88 0.98) (layer F.CrtYd) (width 0.05))
    (fp_line (start 1.88 -0.98) (end 1.88 0.98) (layer F.CrtYd) (width 0.05))
    (fp_line (start -1.88 -0.98) (end 1.88 -0.98) (layer F.CrtYd) (width 0.05))
    (fp_line (start -1.88 0.98) (end -1.88 -0.98) (layer F.CrtYd) (width 0.05))
    (fp_line (start -0.261252 0.735) (end 0.261252 0.735) (layer F.SilkS) (width 0.12))
    (fp_line (start -0.261252 -0.735) (end 0.261252 -0.735) (layer F.SilkS) (width 0.12))
    (fp_line (start 1 0.625) (end -1 0.625) (layer F.Fab) (width 0.1))
    (fp_line (start 1 -0.625) (end 1 0.625) (layer F.Fab) (width 0.1))
    (fp_line (start -1 -0.625) (end 1 -0.625) (layer F.Fab) (width 0.1))
    (fp_line (start -1 0.625) (end -1 -0.625) (layer F.Fab) (width 0.1))
    (fp_text user %R (at 0 0 90) (layer F.Fab)
      (effects (font (size 0.5 0.5) (thickness 0.08)))
    )
    (pad 1 smd roundrect (at -1.0375 0 90) (size 1.175 1.45) (layers F.Cu F.Paste F.Mask) (roundrect_rratio 0.212766)
      (net 2 GND))
    (pad 2 smd roundrect (at 1.0375 0 90) (size 1.175 1.45) (layers F.Cu F.Paste F.Mask) (roundrect_rratio 0.212766)
      (net 4 /OE#))
    (model ${KISYS3DMOD}/Capacitor_SMD.3dshapes/C_0805_2012Metric.wrl
      (at (xyz 0 0 0))
      (scale (xyz 1 1 1))
      (rotate (xyz 0 0 0))
    )
  )

  (module Capacitor_SMD:C_0805_2012Metric_Pad1.18x1.45mm_HandSolder (layer F.Cu) (tedit 5F68FEEF) (tstamp 5FF22422)
    (at 121.073 62.5729)
    (descr "Capacitor SMD 0805 (2012 Metric), square (rectangular) end terminal, IPC_7351 nominal with elongated pad for handsoldering. (Body size source: IPC-SM-782 page 76, https://www.pcb-3d.com/wordpress/wp-content/uploads/ipc-sm-782a_amendment_1_and_2.pdf, https://docs.google.com/spreadsheets/d/1BsfQQcO9C6DZCsRaXUlFlo91Tg2WpOkGARC1WS5S8t0/edit?usp=sharing), generated with kicad-footprint-generator")
    (tags "capacitor handsolder")
    (path /6114CF34)
    (attr smd)
    (fp_text reference C6 (at 0 -1.68) (layer F.SilkS)
      (effects (font (size 1 1) (thickness 0.15)))
    )
    (fp_text value 10uF (at 0 1.68) (layer F.Fab)
      (effects (font (size 1 1) (thickness 0.15)))
    )
    (fp_line (start -1 0.625) (end -1 -0.625) (layer F.Fab) (width 0.1))
    (fp_line (start -1 -0.625) (end 1 -0.625) (layer F.Fab) (width 0.1))
    (fp_line (start 1 -0.625) (end 1 0.625) (layer F.Fab) (width 0.1))
    (fp_line (start 1 0.625) (end -1 0.625) (layer F.Fab) (width 0.1))
    (fp_line (start -0.261252 -0.735) (end 0.261252 -0.735) (layer F.SilkS) (width 0.12))
    (fp_line (start -0.261252 0.735) (end 0.261252 0.735) (layer F.SilkS) (width 0.12))
    (fp_line (start -1.88 0.98) (end -1.88 -0.98) (layer F.CrtYd) (width 0.05))
    (fp_line (start -1.88 -0.98) (end 1.88 -0.98) (layer F.CrtYd) (width 0.05))
    (fp_line (start 1.88 -0.98) (end 1.88 0.98) (layer F.CrtYd) (width 0.05))
    (fp_line (start 1.88 0.98) (end -1.88 0.98) (layer F.CrtYd) (width 0.05))
    (fp_text user %R (at 0 0) (layer F.Fab)
      (effects (font (size 0.5 0.5) (thickness 0.08)))
    )
    (pad 2 smd roundrect (at 1.0375 0) (size 1.175 1.45) (layers F.Cu F.Paste F.Mask) (roundrect_rratio 0.212766)
      (net 2 GND))
